time,x,y,z,phi,theta,psi,x_velocity,y_velocity,z_velocity,phi_velocity,theta_velocity,psi_velocity,rotor_speed1,rotor_speed2,rotor_speed3,rotor_speed4
0.06,-1.7930920277100735e-07,6.59604094911912e-07,10.007432535343666,6.282630363797052,0.00015667062611690596,0.0,-1.624410365617324e-05,7.19821076980076e-06,0.24772968149709745,-0.04355462199951251,0.0073800316902156195,0.0,481.99363504503043,482.55091092297744,482.3716363640566,479.0718649971017
0.12000000000000001,-6.337959187755131e-06,-1.8601402426114778e-05,10.023660041085765,6.2801024801509655,0.0011540164537349185,0.0,-0.00026090285718722,-0.0008905441275369951,0.2931758294624207,-0.03942766137486988,0.030609698718280485,0.0,418.3436468971848,420.36109311590013,419.08550044877114,419.4429167266018
0.18,-5.174318206568232e-05,-0.00014041244790144702,10.043326387950312,6.278553684664246,0.0032573567800744385,0.0,-0.001445730796037042,-0.003352052067430186,0.36234810351251234,-0.007228113073388663,0.042723068154694774,0.0,427.21440459724425,428.24641344711443,425.1161620129754,427.86552320505797
0.23999999999999996,-0.00022993244526640027,-0.00045678003038182835,10.071844205898465,6.277917699968405,0.005334075031933949,0.0,-0.0047850357776452815,-0.007256380529783729,0.5881550771057541,-0.01837923296129612,0.008809504620371162,0.0,476.46119750686097,473.8621063345016,475.9017104081228,475.0476688939108
0.3,-0.0006492529352501327,-0.0010249423052528328,10.11380394886976,6.276307051354209,0.005927606164920718,0.0,-0.009259086659285622,-0.011831259990555348,0.8103705221331752,-0.054860210598204444,0.011974110199689164,0.0,474.51078079786083,474.75349050202016,475.74951645399403,472.9480918008586
0.36000000000000004,-0.0013302900220484126,-0.00188939865590072,10.16548460103438,6.273468545817005,0.006339409373210536,0.0,-0.013502274527433215,-0.01729363988433541,0.9122388047080763,-0.035373653915387826,-0.006072529931520977,0.0,438.8592683518258,437.35889778479844,437.45658236476254,439.0745066510057
0.4200000000000001,-0.002250807575565595,-0.0031044795618932726,10.220114159573262,6.271356263689892,0.006279006896335204,0.0,-0.017164609426073812,-0.02339263804718526,0.9087473992688483,-0.034868997455487494,0.007573689902943194,0.0,403.6758080672986,404.90521204665504,402.90297382784036,402.9479157339085
0.48000000000000015,-0.0034097400567513363,-0.004755564448447857,10.27727424081227,6.269628742221318,0.00652122089310847,0.0,-0.02150208434144122,-0.03183185397704918,0.9965131214876876,-0.01879345314590176,-0.004190422481028294,0.0,434.8029149533283,433.8162903129389,432.76131148938805,434.11184835232984
0.5400000000000001,-0.0048237136727850086,-0.006926833350069289,10.33845908143224,6.269239141816092,0.006702055253648531,0.0,-0.025629543170862988,-0.04060776282666424,1.0429390534892544,0.010805997975496565,0.014509291813514975,0.0,419.65596532584885,421.27578465007775,419.4573886052088,422.01979379673554
0.6000000000000002,-0.006511751408804472,-0.00966554439495061,10.405229308815832,6.269784749924476,0.007812625752092295,0.0,-0.03074542699261741,-0.05061617883064568,1.1826007889925185,0.00542727380437566,0.02550237105266404,0.0,449.2452352759198,450.1355583604747,451.3992156328293,450.964888001675
0.6600000000000003,-0.008542554838939793,-0.01300776338880507,10.481515534880726,6.271027843007504,0.009239721486173025,0.0,-0.037114531948845245,-0.060687803034609064,1.3600787692617,0.04084516522225445,0.020107966493368937,0.0,462.2702111774189,461.8450256817325,461.039693469306,463.82932429493246
0.7200000000000003,-0.010961283806555573,-0.016885464333110455,10.565707151431546,6.2739822232195905,0.010680524387862711,0.0,-0.04364206702992342,-0.06829394732145092,1.4462048920719053,0.0622174333705225,0.030859969155288033,0.0,433.39657418671555,434.29933549153276,433.95412455413856,435.74577475992635
0.7800000000000004,-0.013832240443045119,-0.021178201172019285,10.65772057892463,6.277366161841016,0.012183972765139828,0.0,-0.052247783640189595,-0.07438915137638115,1.6206794370021564,0.04102501365903197,0.009735406667666913,0.0,462.7115791399861,461.045790126034,462.9202207776916,461.251706878992
0.8400000000000004,-0.017230131927070458,-0.02575600904389055,10.758703552854294,6.280243396840881,0.012587688460771851,0.0,-0.061066141833478436,-0.07791885140392092,1.7452385055177726,0.05908866086484569,-8.969916211678391e-05,0.0,447.7924719542127,446.99247629827653,446.29144339961107,447.7646097007569
0.9000000000000005,-0.021146780635135927,-0.030477337214695813,10.865835247220552,0.00039060938673429746,0.012418047695232914,0.0,-0.06947934697221828,-0.07911674629391922,1.8256937160528017,0.0472921754533926,-0.008958477250495311,0.0,434.11834527971166,433.37363486851206,434.1040638253473,433.1152711742924
0.9600000000000005,-0.025605159819774063,-0.03520301153994697,10.981228591007573,0.003298362755166373,0.011618641471740077,0.0,-0.07905410900925944,-0.07807284917635436,2.0204283915693395,0.05070546562921589,-0.0239179655611303,0.0,471.05551983888125,469.89746682449777,467.72058807861356,467.9876371853262
1.0200000000000005,-0.03060976659898826,-0.039798901835163936,11.107803067446522,0.006258786003910721,0.01020085874669352,0.0,-0.0876007427974791,-0.07478400048999158,2.1983967279432033,0.04646108082519816,-0.023059413789237395,0.0,464.378692724484,464.4459967819789,465.4480001282882,465.11712162376926
1.0800000000000005,-0.03609029427975238,-0.044133390428202184,11.244612208754763,0.009061185378187453,0.008593431601039647,0.0,-0.09491552273206083,-0.06939003920635489,2.3615853632640635,0.04719318409794731,-0.03555179716541408,0.0,461.19551796855086,460.2076549996653,461.43755845980826,461.49655710668475
1.1400000000000006,-0.0419840359444182,-0.048065210268193735,11.39285493598848,0.01162505751454912,0.006558628120447274,0.0,-0.1012904293882814,-0.06135064433252353,2.579373313487549,0.03184771802712709,-0.030823530250757458,0.0,478.73767570239215,479.0969146603552,477.5646151413254,476.3935746243161
1.2000000000000006,-0.0481880630332908,-0.051502931352196676,11.550289645696292,0.013659534602815881,0.00447424258030793,0.0,-0.10531361615733052,-0.05304418619963299,2.6682464470349765,0.03773842567932975,-0.044021907157654215,0.0,440.6306648621909,439.53765748203335,439.24235117142626,439.73107365585406
1.2600000000000007,-0.05459011201718034,-0.05439327144365828,11.713511189565747,0.015544704137589349,0.0018574871060206277,0.0,-0.10781773731305355,-0.043086272540182206,2.772224048131019,0.014145998689581609,-0.04280650931868851,0.0,445.05354237815925,445.1519455954204,445.82783363667255,443.896353475766
1.3200000000000007,-0.0610867370097718,-0.05666980563098046,11.88186153745426,0.01636085621629846,6.282333343919062,0.0,-0.10848070935477087,-0.032719671481873054,2.839289532798442,0.012492865710923713,-0.050329567453012855,0.0,433.7050898536223,433.0715150543607,434.29331478030235,434.15452429741197
1.3800000000000008,-0.06756956690641806,-0.058322025255396405,12.053422000890842,0.017075103558418903,6.279426283620552,0.0,-0.10733836869353827,-0.02228755596511174,2.8792916009412854,0.010699864112502537,-0.04493740741459917,0.0,424.37002960778005,424.8310601585159,426.2451322527246,426.0917581583066
1.4400000000000008,-0.07390430185595864,-0.0592314059249527,12.233422093970338,0.017471643800097247,6.276524928253416,0.0,-0.10348003854863456,-0.007969917701247312,3.1200848247940582,-0.0031781207316989796,-0.05625848235226791,0.0,487.76454141660366,486.9171032056152,487.13121130186204,486.0922539034174
1.5000000000000009,-0.07994665486034977,-0.05930993510573481,12.425895048252679,0.017314402112078575,6.273080726949281,0.0,-0.09755012793374389,0.0053243449889502185,3.295190787376813,-0.0015284409883683718,-0.059796429730060725,0.0,468.98779007685357,468.71082428037437,469.2365224662914,469.3646246786474
1.560000000000001,-0.08557693763503489,-0.05863044058627256,12.626687321682668,0.018153273663344294,6.269177618728072,0.0,-0.08974916537205346,0.017369557683681314,3.397582153265028,0.03430197188244835,-0.0784587401155536,0.0,448.37956980564235,446.8575775029511,446.85269643438164,449.76411280128355
1.620000000000001,-0.09064756401231329,-0.057196006075084356,12.834051631024156,0.020179255757541092,6.264198893066064,0.0,-0.0787736501280285,0.030651628623834623,3.5142000386972794,0.03267327987090541,-0.09403347170296789,0.0,452.82036532052257,451.56007860045605,453.9075938656815,453.77729987420133
1.680000000000001,-0.09500448934971165,-0.05497692577594622,13.045733716414299,0.02236772155440292,6.258112352486556,0.0,-0.06593062255196855,0.04350601126740192,3.541770791892054,0.04315887689805505,-0.1234594064415675,0.0,426.6745542071428,424.1447557449537,425.11783468139953,426.01606694685387
1.740000000000001,-0.09836057575865145,-0.05184764171762496,13.263285926039506,0.024489669766392552,6.25043906906042,0.0,-0.045111329400598574,0.06106415097140169,3.709413675229007,0.011354358079218066,-0.13866027766831873,0.0,469.60943258085456,468.41461264504176,471.0939079568766,468.62853881597914
1.8000000000000012,-0.10032328134340164,-0.0476486079522708,13.489925945528997,0.025305926680043278,6.242538762976951,0.0,-0.01946152459866698,0.07897269463524514,3.844777154785711,0.017761888313995236,-0.12046641010192931,0.0,459.79830969904907,461.22200890615443,460.99918384783075,461.5051146452608
1.8600000000000012,-0.1005707476411635,-0.0423509391343022,13.724881948716027,0.026001488158343022,6.2349885702465535,0.0,0.01198798573669874,0.09770306928403137,3.986569221638669,-0.005102170591375825,-0.13962112216862774,0.0,464.0653045032714,462.5452219131393,465.2093677277873,463.4154208425483
1.9200000000000013,-0.09882251831180675,-0.035951511101022834,13.967103859614928,0.02607702339651663,6.226263328638099,0.0,0.04713733346551986,0.11559144365011084,4.087095364118089,0.011644725897926152,-0.1607083820174137,0.0,452.9516940787763,451.2327111153427,451.8084493232097,453.15673378857394
1.9800000000000013,-0.09466073826934161,-0.0284209711939362,14.217376053075975,0.026469524116972565,6.21639720528948,0.0,0.09264302943538404,0.1354728695199971,4.254633429248109,-0.006369148356774738,-0.1731726465388366,0.0,474.46569232154036,473.4836078694268,473.5213946686106,472.13343230371856
2.0400000000000014,-0.08780170077615142,-0.019793056513724545,14.473918511607286,0.025813077919518257,6.206618618203869,0.0,0.13691732123596764,0.15207153255671502,4.296555616764849,-0.022162467691870157,-0.1479209777290768,0.0,435.47628692015167,437.5572200838526,436.3481350437864,435.0276667534658
2.1000000000000014,-0.0778473057283115,-0.010100858673191913,14.736259612264798,0.024610876873281562,6.19741461400622,0.0,0.19583695668869358,0.17084614653119323,4.447488858574269,-0.016092487960936694,-0.1675534471608274,0.0,471.2031105399729,469.6616679747821,469.9795604767823,470.44987851682083
2.1600000000000015,-0.0639861953880588,0.0007371336375795714,15.009487525352652,0.0236504581930701,6.1874061841033345,0.0,0.26731393850520546,0.1902823324138189,4.659153805872402,-0.015836511478553403,-0.16535684265687664,0.0,489.49758494763853,489.6372472707303,489.2847028494482,489.30388067440174
2.2200000000000015,-0.04589157452997539,0.01264688182900303,15.292380302132067,0.022692630558183602,6.17756856700816,0.0,0.33681756390547535,0.20659633463163818,4.770031452912023,-0.016219569892384614,-0.16130750235940125,0.0,461.8257520928437,462.12054875762465,461.13673576155065,461.10657676515433
2.2800000000000016,-0.023354906392484723,0.025528491454532835,15.58251597696237,0.021804155973980777,6.167736165621852,0.0,0.41538168471251363,0.2226754869790494,4.900471155245437,-0.012124435954144721,-0.1695658848983861,0.0,469.15397522183184,468.48809997266875,468.32527842820394,468.64384617392756
2.3400000000000016,0.004006796627359744,0.03933686354998976,15.879578618074262,0.02074365270784284,6.157286725514451,0.0,0.4976712538337479,0.23750213308079973,5.001026560773146,-0.032100806214057274,-0.18541915587846924,0.0,461.96625278511124,460.6860889672752,461.483662170539,459.9039801047077
2.4000000000000017,0.036235976102219625,0.05396159306277613,16.18039554441713,0.01864486281036637,6.146086571931974,0.0,0.5776311977939192,0.24979975815522387,5.025928852405814,-0.04146765128310544,-0.18929018274415024,0.0,438.8818899251617,438.5260741929794,438.73258278315603,437.95351204216377
2.4600000000000017,0.07325760948899196,0.06925559390717981,16.481164819258385,0.01565148095691704,6.134681487619883,0.0,0.657382647746035,0.2597783270051659,4.999654328741219,-0.07761014744764073,-0.19172046837263948,0.0,422.6965374329719,422.4497900470803,423.647344432888,420.525518460427
2.520000000000002,0.11573020150244241,0.0851361047869499,16.783451775535017,0.01074592159665233,6.1238130272074045,0.0,0.7594077013605136,0.2690922554336553,5.076023505150199,-0.09170789450712483,-0.16566583099046273,0.0,454.54738708737585,456.5993555357396,456.2033236407886,455.070764851643
2.580000000000002,0.16481314594460797,0.10149041642526413,17.09199098947523,0.00547859720830246,6.113897228260253,0.0,0.877642102087214,0.27546732925417455,5.207786479666714,-0.08092440406162237,-0.16447127292756084,0.0,474.01457543146233,474.08217599458146,472.86175952915926,473.68590985523093
2.640000000000002,0.221160865960429,0.11811361520175925,17.408150650589903,0.0004950032219115386,6.104259505946644,0.0,1.0015286468738314,0.27811550936966456,5.330045602438475,-0.08771189672454124,-0.15388663145863427,0.0,471.9724406523843,472.76583394075976,472.90094520012815,472.37256049315425
2.700000000000002,0.2844005547891473,0.1347890730953518,17.727532726981103,6.278054870495726,6.0948541322585825,0.0,1.1072486094980527,0.27727029223053684,5.315857712285363,-0.10996286827916237,-0.16321197156121645,0.0,431.48143344823586,430.6690913342323,432.3230001655489,430.4357003695596
2.760000000000002,0.35482255909072924,0.15129000928756292,18.049543609229687,6.271639149970309,6.0850202869015675,0.0,1.2410387232344704,0.27209834653061854,5.417056262154586,-0.10146669116245735,-0.1653028546081511,0.0,468.5981522520937,468.411456348346,467.6418246319508,468.2938248065815
2.820000000000002,0.4338973464110268,0.16732280766566957,18.379666898542638,6.265229758960725,6.075125862973515,0.0,1.3957019106964772,0.2616428087707209,5.585871840315431,-0.12056464544596684,-0.16412806211785036,0.0,489.2271687172884,489.2914265700782,491.49919542718624,490.07246729381484
2.880000000000002,0.521733487693688,0.18264487289997605,18.716386169566082,6.2577357554385475,6.065006395548409,0.0,1.533024570227031,0.2484036656423017,5.637496157940211,-0.1353931389510319,-0.1797314048712989,0.0,457.58414690541116,456.3134361196301,457.55145753204465,456.35529224662724
2.940000000000002,0.6172979801324401,0.1971110502649891,19.053001679251555,6.250013494594803,6.055079697732737,0.0,1.6532920837092073,0.23317428171638735,5.582952926085359,-0.11789168826254265,-0.14624700284356143,0.0,421.5743368419461,424.4295822702818,423.53371371196874,425.0203716263724
3.000000000000002,0.7208529471216545,0.2104523240742115,19.3889690032733,6.2438847215134885,6.046831965932245,0.0,1.799230024673126,0.21095288705023704,5.615427275036923,-0.08163209782846002,-0.1240247573942636,0.0,451.0181290895284,452.7921668001415,451.4717132465545,454.3787884625589
3.0600000000000023,0.8323883088021828,0.22250647628614262,19.723040563759056,6.239151479220887,6.039020129145815,0.0,1.9192276786898417,0.1904927326556957,5.52045193731069,-0.07389938254866538,-0.1468780918997456,0.0,412.08180356637655,410.03865362305663,410.4659175457829,411.1461791506021
3.1200000000000023,0.9515701729144612,0.2332062651457891,20.052700233839644,6.2342921347353055,6.029805266510419,0.0,2.054210575193514,0.16580796875700848,5.468079490436111,-0.10150886446130788,-0.17238782105117978,0.0,426.6799049957286,424.4719060111141,426.36051363164705,423.98854561886327
3.1800000000000024,1.0789916863868714,0.24234517326252636,20.37914490499955,6.228100712577078,6.01927126184653,0.0,2.193992143850786,0.13834397946691576,5.413232977374824,-0.10678219515255484,-0.18282149377117685,0.0,426.0216772683198,425.0970924710067,424.447298023572,423.9845583485682
3.2400000000000024,1.2157821722576032,0.2495699872876915,20.705241518658102,6.221420935467638,6.007997812764838,0.0,2.3665775144116656,0.10191510688008248,5.455880723842853,-0.12246447308419828,-0.20066334291761936,0.0,458.588595329711,457.13534067370057,457.7976662711182,456.53711708019154
3.3000000000000025,1.3618591969241114,0.2547666018976793,21.029341659595374,6.214203344798793,5.995872938029482,0.0,2.503570242531324,0.07078423880711328,5.347469724763563,-0.11627400194544303,-0.2050741345582091,0.0,408.4696599101457,408.03197775012313,408.1154497026385,408.6532720134115
3.3600000000000025,1.5170188919764573,0.257832248980355,21.349204429850808,6.206901843376222,5.983477097168944,0.0,2.6693648032702733,0.03085024023876589,5.314156665411948,-0.13563923070251807,-0.2098264275020183,0.0,434.8343812183806,434.392948875403,435.21418395444715,433.57590462369654
3.4200000000000026,1.6817952887022514,0.2585139130102607,21.66529810224714,6.198618113818457,5.970903628994309,0.0,2.824115100989553,-0.0087205939113771,5.222116008890186,-0.14340460551942913,-0.20902683061411562,0.0,416.0247695043384,416.0482711901502,414.8365950216578,414.1347600133589
3.4800000000000026,1.857270961418138,0.2563757418724119,21.979584785182247,6.190575910860577,5.958026754972703,0.0,3.026024715571573,-0.06323274729489788,5.253154327632555,-0.11991600068587542,-0.22913501686643428,0.0,458.5053349995518,456.8601086141581,456.40982700638835,458.2645850213528
3.5400000000000027,2.0464715396849393,0.2504501808861221,22.299672565492827,6.182814955387684,5.944394408271378,0.0,3.2817047291927506,-0.1349264406161376,5.4145941345599775,-0.1654921485577876,-0.22360888333916085,0.0,499.6724358658856,500.03018240966315,502.09048993732137,498.75761919955454
3.6000000000000028,2.250247563593667,0.24035105854196065,22.626359290646516,6.172527416130482,5.932356819463333,0.0,3.5116994240054535,-0.2025531014376246,5.473679748122835,-0.1873547424627236,-0.17467402590245854,0.0,470.2831469444354,474.0195793019605,473.6245243812668,471.91292431001295
3.660000000000003,2.46647172840104,0.22647633647294146,22.952269135186686,6.160926326124951,5.92205975545966,0.0,3.6964740647173895,-0.2607565033520329,5.389613424972455,-0.20935391630118486,-0.16612273716880316,0.0,427.38316799587625,428.0819834683821,427.89602027901753,425.97982743214203
3.720000000000003,2.6962389608950907,0.20817868761278344,23.27911648259535,6.147978611665501,5.912095068614541,0.0,3.962948682095829,-0.35029398570502795,5.503611828095237,-0.23351154900746096,-0.16598914018345542,0.0,492.97662542399746,492.9631275239581,494.66392895119094,492.83975078372043
3.780000000000003,2.9398901573106837,0.18504696375885996,23.6068744294924,6.13404904276754,5.901764889324166,0.0,4.159391974045429,-0.42176114118840885,5.421156891697869,-0.229588760100003,-0.18887201370367324,0.0,432.47337998791113,430.5110858554726,433.32085052967716,433.59542411922365
3.840000000000003,3.19575983360147,0.15731594365440987,23.930312377254072,6.120138634778382,5.891680464244198,0.0,4.370220836550138,-0.5035996893039424,5.359395507979288,-0.2367622517632522,-0.14360048438818102,0.0,438.86496963412543,442.5782280777236,441.6053606276948,440.959066672945
3.900000000000003,3.466999744456859,0.12343327503820041,24.25611532812006,6.1060210111091315,5.882489207587971,0.0,4.671320058174671,-0.6270404941164163,5.498637335238407,-0.23251281792158898,-0.19120468579957117,0.0,509.4760883129829,506.039432174711,507.8823930283377,508.1395456577102
3.960000000000003,3.755917236623127,0.08209475928911145,24.58880123302669,6.0922117702017236,5.871132697798698,0.0,4.959744688083948,-0.7519816460110742,5.588894815818441,-0.2258185686205468,-0.18567663130073817,0.0,497.14250330565403,497.51679712048053,496.9407628201509,497.3847744855019
4.020000000000002,4.061053358003819,0.03356451303196231,24.92386703809745,6.078461048419431,5.859956714406602,0.0,5.211964247602655,-0.8666355848391426,5.578614493351289,-0.23690962895324424,-0.18747086349015174,0.0,469.25501681507546,469.08400293172843,469.30492811351917,468.39361558650313
4.080000000000001,4.380983723903316,-0.021837141254165495,25.257090970457547,6.06463028353445,5.848475494375087,0.0,5.452903982026981,-0.9810028505766383,5.5277009049732095,-0.22009667819467124,-0.20052538950649776,0.0,458.5874311102544,457.5143110242462,457.9340384105827,459.21848827528856
4.14,4.714611194026468,-0.08387119887453015,25.585212927171572,6.050950002747456,5.836580432374962,0.0,5.668623982795826,-1.0876059715012663,5.408967510513958,-0.2525607423967843,-0.19405810098517787,0.0,436.7907384925152,437.2907166159477,438.3205814233012,435.55914376485526
4.199999999999998,5.060922706682912,-0.15229009514915584,25.905294110636966,6.035684771155015,5.824878946113177,0.0,5.875687330395713,-1.1939266068006134,5.259820295483965,-0.25841742219937075,-0.1970283669798755,0.0,428.21877266572017,427.92720340897745,427.36549749962694,426.79786104780885
4.259999999999997,5.419657911535545,-0.22721149864536433,26.216071440548827,6.019822089374193,5.81278392804008,0.0,6.082740175682938,-1.3043543689652422,5.098829921999455,-0.28023156097392815,-0.21273100670991393,0.0,426.0838165518057,424.69659936335125,424.8920218273857,422.94198439705224
4.319999999999996,5.790531305615401,-0.3087354061197387,26.516295998392987,6.003288690578001,5.800325229100299,0.0,6.280336230957746,-1.4140291046991442,4.908163330986781,-0.2675640823606424,-0.1990490363032631,0.0,413.74636307609376,414.9035637435274,414.7040122922765,415.73274691369096
4.379999999999995,6.1737191499655655,-0.39720085125521337,26.805594733535276,5.987078182057733,5.788490780100348,0.0,6.493103468389418,-1.535698417103847,4.734452153353596,-0.2759735679223275,-0.19385498020505582,0.0,422.9078728531913,423.3149729444551,422.93638089129405,422.13318904434857
4.439999999999993,6.571555179440219,-0.49411455739227095,27.08747415179297,5.970179751077746,5.77628598689577,0.0,6.768357285622939,-1.6956608933116575,4.65993305653329,-0.2964277613865681,-0.2409818326909316,0.0,464.33702576029157,460.58235937437456,462.8308244698604,461.1398222019726
4.499999999999992,6.985634886831144,-0.6006202973450411,27.36397005188176,5.952221214109379,5.762089305031818,0.0,7.034735618455031,-1.8554123336832284,4.554943329975058,-0.30578486670522087,-0.22906909057048053,0.0,454.2338511630697,455.1338694167271,456.1748480565171,455.3378203279526
4.559999999999991,7.418315937027042,-0.7183316053396882,27.637983720423904,5.93411550112334,5.747917228420169,0.0,7.388027159893213,-2.0691347708394607,4.575924031683242,-0.29474978351547354,-0.2568679384056694,0.0,505.38892563705963,503.331298664383,504.3506816081235,505.0662970406856
4.6199999999999894,7.867349636687943,-0.8462106383989382,27.905009918168766,5.91672075500092,5.73235407133096,0.0,7.580410931930507,-2.1942771562376673,4.324305085871537,-0.281682510966895,-0.26495495985704637,0.0,407.68243967683276,406.88433369033834,407.2367419969799,408.31052818668354
4.679999999999988,8.330850217461224,-0.9833826782482343,28.16101726985075,5.899481193847807,5.716381319486096,0.0,7.869914416579398,-2.378716997068448,4.207199765179984,-0.3020293767048824,-0.26884805435722264,0.0,464.0772074664828,463.7031775517482,465.7075674454441,464.0321889194237
4.739999999999987,8.812902749603158,-1.132404003117865,28.41119737957154,5.881291575564095,5.7000355568189605,0.0,8.198614695044691,-2.5891982948467187,4.12943917565755,-0.3055174869841556,-0.28075492974623006,0.0,485.4192946381985,484.45620314890596,484.96127623284406,484.61380294686666
4.799999999999986,9.313615306510975,-1.2935143561777582,28.654664883676407,5.8636227561907805,5.683913490100734,0.0,8.491976703121507,-2.78164193207174,3.98393245452926,-0.27852399936994493,-0.25168210900853083,0.0,464.8843071745513,467.08722816862564,464.3593179333703,466.3877920277856
4.859999999999984,9.830110834385241,-1.4651655925128,28.886521505027044,5.846917194972676,5.669368084945216,0.0,8.724812294402598,-2.940613959878074,3.7433808471232393,-0.2782312434658369,-0.228440004017777,0.0,431.3924181424942,433.2900743654181,431.449339869947,431.3930328029539
4.919999999999983,10.360633463875537,-1.6464730095269182,29.103711979090995,5.830880049203838,5.6565371695650235,0.0,8.959406707616305,-3.103506715197308,3.495121807175556,-0.25142449990463145,-0.1943768569879779,0.0,430.92816586859686,433.7512112801864,430.7582653630892,432.94477442201384
4.979999999999982,10.905540713412499,-1.8378373201781122,29.306137664220874,5.815840792723243,5.644497672335472,0.0,9.204130759782633,-3.2757758126628898,3.251179685988531,-0.2491598038245097,-0.21774510378639508,0.0,438.0360561537852,436.04667219203134,437.7642474302993,437.88868628350957
5.0399999999999805,11.46641562177922,-2.040410894068229,29.49521247654834,5.80130690128604,5.631023357123542,0.0,9.491447002690036,-3.4769228630820534,3.0494301991339405,-0.23111376648690948,-0.2438869795140713,0.0,461.254334229689,459.1352185594183,458.9012950615228,460.275165976649
